8.001
0.2
2.2
0.2
0.2
2
0.2
0.2
0.2
0.2
0.2
4.2
3.2
0.2
0.2
0.2
0.8
0.2
0.2
1.2
0.2
7.601
0.2
8.8
0.2
0.4
0.2
9.801
0.2
11.602
0.2
0.2
13.4
3
0.8
0.6
5.8
0.2
7.6
16.2
0.2
0.8
0.2
0.2
0.2
5.6
0.6
0.2
0.2
0.2
0.2
6
0.4
1.6
0.2
3.2
1.4
0.2
0.4
1.4
15.8
1.8
0.2
0.6
13.201
10.801
2.2
3.8
1.6
2
0.2
26.801
0.2
0.2
0.4
1.4
0.2
0.2
1
0.2
1
0.2
0.2
0.2
6.6
2.2
0.2
0.2
0.2
2.2
0.2
0.2
0.2
0.2
6.4
2
2
0.6
6
13.6
2.6
0.2
0.4
0.6
6.8
1.2
1.6
0.4
0.6
0.2
4
0.4
2.2
0.2
0.2
0.2
0.2
0.6
0.8
0.2
4
1
43.801
0.2
0.2
1.4
1.4
3.2
4
0.6
5.2
0.8
0.4
4.2
0.6
0.4
0.2
0.2
0.2
0.2
0.2
0.2
9
0.2
8
0.2
2.6
1.6
0.2
0.2
7.2
0.8
0.8
0.2
2.4
0.2
3.4
0.2
1.6
4
1.2
17.201
13.4
5
0.8
3.8
0.4
0.2
0.6
0.4
0.2
11.8
4.8
0.2
3.6
0.2
0.6
5.6
17.8
2.4
5.2
0.2
3.6
0.4
10
0.2
1
1.2
3.8
0.2
28.2
17.4
4.2
1
0.2
0.6
0.4
0.4
0.2
0.2
3.6
0.2
0.2
17.8
1.4
3.2
2.8
0.2
12
0.6
4
2.4
8.4
0.4
7
0.6
0.8
1.6
1.8
12.8
32.6
0.2
1
1.8
3.6
1.4
10
0.2
0.2
0.4
1.6
7.2
0.8
1
0.2
0.2
0.2
2
34.2
0.2
0.2
0.2
0.4
0.2
0.8
4.6
4.4
0.4
6
6.8
1.2
4.4
0.8
2.4
1.8
0.2
0.2
0.2
0.8
6.001
6.8
0.2
0.6
0.2
0.2
0.8
1
2.4
2.4
0.8
0.2
1.4
0.6
2.8
0.4
0.4
0.4
10.4
0.2
1.4
0.4
1.2
0.2
0.2
0.8
0.2
0.2
0.4
3.8
25.801
0.6
0.2
6.6
0.2
0.2
0.2
1.4
0.4
2.6
0.4
8.6
0.2
0.2
1.4
1.8
0.4
0.4
0.2
0.2
0.6
0.2
21.801
2.4
0.8
3.8
0.2
19.6
0.2
1.2
1.4
0.2
1.2
1.4
0.2
0.6
0.2
0.6
3.6
1.2
0.8
1.8
4.4
0.2
1.6
11.8
0.2
0.2
0.6
0.6
1.6
0.2
0.2
0.2
3.6
11.6
0.6
14.002
0.2
0.4
2.4
0.4
0.2
0.2
0.2
0.2
0.2
4.6
0.4
0.4
1.4
0.2
0.8
0.2
1
0.2
6.2
0.2
0.6
0.2
0.4
0.8
2.4
0.4
1.2
0.4
0.2
0.2
0.2
0.4
0.2
1.2
0.2
0.2
0.2
0.2
0.4
0.6
